int stageMapT1[stage1x][stage1y] =
	{	 					//10
		{ -1,-1,-1,-1,-1,-1,-1,-1,-1,-1 },
		{ -1, 0, 0, 0, 0, 0, 0, 0, 0,-1 },
		{ -1,-2, 0, 0, 0, 0, 3, 1, 0,-1 },
		{ -1, 0, 0, 0, 3, 1, 1, 0, 1, 3 },
		{ -1, 3, 0, 4, 0, 0, 1, 1, 3,-1 },
		{ -1, 1, 1, 1, 3, 0, 0, 0, 0,-1 },
		{ -1, 0, 3, 0, 1, 3, 1, 0, 0, 4 },
		{ -1, 0, 4, 0, 0, 0, 0, 0, 0,-1 },
		{ -1, 0, 5, 0, 0, 0, 0, 0, 1, 3 },
		{ -1,-1,-1, 0,-1,-1,-1,-1, 0,-1 },
	};
	//矢印　0上、1右、2下、3左
	int Arrow[stage1y][stage1x] =
	{
		{ -1,-1,-1,-1,-1,-1,-1,-1,-1,-1 },
		{ -1,-1,-1,-1,-1,-1,-1,-1,-1,-1 },
		{ -1,-1,-1,-1,-1,-1,-1, 3,-1,-1 },
		{ -1,-1,-1,-1,-1, 3, 3,-1, 1,-1 },
		{ -1,-1,-1,-1,-1,-1, 1, 1,-1,-1 },
		{ -1, 0, 1, 1,-1,-1,-1,-1,-1,-1 },
		{ -1,-1,-1,-1, 1,-1, 3,-1,-1,-1 },
		{ -1,-1,-1,-1,-1,-1,-1,-1,-1,-1 },
		{ -1,-1,-1,-1,-1,-1,-1,-1, 1,-1 },
		{ -1,-1,-1,-1,-1,-1,-1,-1,-1,-1 },
	};